id	dis_num	density	kakaoF	total_chat	group_chat	one_to_one	A5-1	A5-3	B1	C1-9	C1-10	D2	D3	fb_use	overlap	fig5
CUBEE0001	5	0.2	248 	29	9	20	2	4	3	3	2	1	3	1	0.6	0.6
CUBEE0002	3	0.333333333	397 	19	9	10	4	3	6	2	6	2	3	1	0.666666667	0.333333333
CUBEE0003	2	1	443 	40	12	28	3	3	3	3	3	2	3	1	0	0
CUBEE0004	4	0.333333333	439 	42	24	18	4	5	3	3	3	2	3	2	1	0.5
CUBEE0005	4	0.166666667	355 	24	9	15	4	4	8	3	4	1	2	2	0	0.5
CUBEE0007	4	0.5	1041 	82	20	62	2	1	8	2	3	1	2	1	1	0.5
CUBEE0008	3	0.333333333	1154 	49	20	29	2	4	2	5	5	1	1	1	0.333333333	0
CUBEE0009	5	0.1	249 	17	7	10	2	4	4	5	5	1	2	1	0.8	0.6
CUBEE0010	5	0.7	411 	24	9	15	3	3	2	1	3	2	3	1	0.6	0.6
CUBEE0011	4	0	340 	19	6	13	4	5	4	2	3	2	3	2	0.5	0.25
CUBEE0012	5	1	444 	21	8	13	4	4	9	2	3	1	2	1	0.4	0.6
CUBEE0014	4	0.166666667	540 	33	17	16	3	4	6	3	3	2	3	1	0.75	1
CUBEE0015	3	0.333333333	431 	32	8	24	3	4	4	3	3	2	3	1	0.333333333	0
CUBEE0016	1	.	237 	20	7	13	5	5	6	2	2	2	3	2	0	0
CUBEE0018	5	0.3	705 	36	16	20	3	3	4	2	2	1	3	1	0.6	0.4
CUBEE0019	5	0.3	1249 	69	32	37	3	2	5	1	3	1	3	1	1	0.4
CUBEE0021	5	0.7	450 	28	14	14	4	4	6	6	6	1	3	1	1	0.8
CUBEE0022	1	.	112 	27	8	19	4	5	3	3	6	2	3	1	0	1
CUBEE0024	1	.	681 	70	13	57	3	3	3	2	2	2	3	1	1	1
CUBEE0025	4	0.5	.	51	18	33	3	2	3	6	6	1	3	1	1	0.75
CUBEE0027	5	0.1	530 	45	11	34	3	1	6	3	2	1	3	2	0	0.6
CUBEE0030	5	0.3	429 	47	20	27	2	4	3	1	2	2	3	1	1	0.6
CUBEE0032	2	0	407 	30	12	18	4	3	2	3	3	2	3	2	0	0.5
CUBEE0033	3	0.333333333	25 	28	6	22	4	5	8	5	5	2	1	2	0	0.666666667
CUBEE0036	5	0.2	483 	22	7	15	3	1	5	6	6	1	3	1	0.6	0.4
CUBEE0037	3	0.666666667	334 	31	14	17	4	3	5	4	3	1	3	1	0.666666667	1
CUBEE0038	3	0.333333333	555 	58	28	30	3	4	7	3	6	1	3	1	0.666666667	0.666666667
CUBEE0039	4	0.166666667	654 	45	17	28	2	2	7	4	3	2	3	1	0.5	0.25
CUBEE0040	4	0.333333333	1075 	105	27	78	3	3	4	2	3	1	1	1	0.5	0.25
CUBEE0041	3	0.333333333	477 	72	32	40	4	4	5	3	2	2	3	1	0.333333333	0
CUBEE0045	3	0.333333333	587 	39	19	20	3	4	1	1	2	1	3	1	1	1
CUBEE0046	4	0.333333333	391 	27	20	7	3	3	4	3	2	1	3	2	0	0.5
CUBEE0047	3	0	268 	12	6	6	3	4	3	3	4	1	3	2	0	0.333333333
CUBEE0048	3	0.333333333	333 	39	16	23	3	5	4	4	3	2	3	1	0.333333333	0.333333333
CUBEE0050	5	0.3	346 	90	41	49	2	4	7	2	2	2	3	1	1	0.8
CUBEE0051	3	0	309 	39	21	18	4	4	4	1	3	2	3	1	0.666666667	0.666666667
CUBEE0052	5	0.3	350 	22	6	16	3	5	3	2	1	1	2	2	0.4	0.8
CUBEE0053	2	0	2288 	51	16	35	2	5	2	2	2	2	3	1	0.5	0
CUBEE0054	5	0.4	452 	17	11	6	3	4	2	2	3	1	2	1	0.6	0
CUBEE0058	5	0.2	457 	25	10	15	2	3	2	4	2	2	3	1	0.2	0.4
CUBEE0059	1	.	538 	11	0	11	3	2	3	2	1	1	3	1	1	1
CUBEE0060	5	0.2	110 	15	5	10	3	4	3	2	3	1	3	1	1	1
CUBEE0062	1	.	700 	110	43	67	3	2	2	5	5	2	3	1	1	0
CUBEE0063	5	0.1	441 	35	18	17	3	4	4	2	4	2	3	1	0.6	0.2
CUBEE0064	5	0.3	21 	20	11	9	4	3	6	3	3	1	1	1	0	0
CUBEE0065	3	0	249 	47	17	30	2	5	8	3	3	1	1	1	0.666666667	0.666666667
CUBEE0067	4	0.333333333	581 	10	5	5	5	4	3	3	3	2	1	2	0	0.5
CUBEE0068	4	0.333333333	782 	119	37	82	3	4	3	2	1	1	1	1	1	0
CUBEE0072	3	0.666666667	417 	28	8	20	4	5	7	2	1	2	3	1	0.333333333	0.333333333
CUBEE0073	2	0	576 	20	8	12	3	3	6	3	3	2	3	2	0.5	0.5
CUBEE0074	5	0.1	190 	46	22	24	2	2	3	3	2	2	3	2	0	0.8
CUBEE0075	5	0.2	518 	17	17	0	4	2	6	2	2	1	1	1	1	1
CUBEE0076	5	0.1	567 	21	12	9	3	5	2	2	6	1	3	1	0.4	0.4
CUBEE0077	3	1	492 	40	18	22	2	3	3	3	2	2	3	1	0.666666667	0.666666667
CUBEE0078	4	0.166666667	331 	28	13	15	4	3	2	3	3	2	3	1	1	0.25
CUBEE0080	3	0.333333333	457 	35	16	19	4	5	3	2	4	2	3	1	0.666666667	0.333333333
CUBEE0081	5	0.3	621 	46	18	28	3	4	7	2	2	1	1	1	0.8	0.8
CUBEE0085	5	0.2	141 	18	9	9	3	5	0	6	6	1	2	1	0.8	0.4
CUBEE0086	5	0.3	307 	31	17	14	3	4	4	3	3	2	3	1	1	0.4
CUBEE0087	5	0.4	306 	22	6	16	3	2	2	3	6	2	3	2	0.8	0.8
CUBEE0088	3	0.333333333	290 	30	14	16	2	1	6	3	3	1	1	1	0.333333333	0.333333333
CUBEE0090	5	0.2	254 	26	10	16	4	4	1	2	2	1	3	1	0.8	0.4
CUBEE0091	4	0.166666667	394 	80	25	55	3	4	2	4	4	1	2	1	1	0.75
CUBEE0094	4	0.166666667	309 	36	8	28	4	2	3	4	3	1	3	1	0	0
CUBEE0095	2	1	471 	20	9	11	4	4	2	5	5	1	3	1	0	0
CUBEE0096	1	.	325 	20	4	16	4	4	3	3	1	1	3	2	0	0
CUBEE0099	4	0.166666667	637 	60	23	37	3	4	7	3	2	2	1	1	1	0.75
CUBEE0100	5	0.2	306 	18	7	11	3	4	3	2	3	2	3	1	0.6	0.6
CUBEE0101	3	1	341 	59	23	36	4	2	4	4	4	1	1	1	0	1
CUBEE0103	3	0.166666667	597 	30	11	19	4	3	3	3	2	1	3	1	0.333333333	0
CUBEE0104	2	1	475 	34	16	18	2	5	5	4	4	1	3	1	1	0.5
CUBEE0105	3	0	578 	60	37	23	3	2	3	1	1	1	3	1	0.666666667	0.666666667
CUBEE0107	5	0.6	745 	39	19	20	3	5	2	3	6	1	3	1	1	0.8
CUBEE0109	5	0.4	335 	17	6	11	4	5	2	1	1	1	3	2	0	0.4
CUBEE0110	5	0.2	660 	68	27	41	3	2	8	2	2	2	3	1	1	0.2
CUBEE0113	5	0.1	600 	22	7	15	4	5	7	5	5	1	2	2	0	0.8
CUBEE0114	3	0.333333333	220 	13	3	10	3	3	2	2	2	1	3	2	0	0
CUBEE0115	5	0.3	337 	26	18	8	2	4	3	2	2	2	3	2	0	0.2
CUBEE0116	4	0.333333333	192 	11	2	9	4	5	4	3	6	1	1	2	0.5	0.5
CUBEE0117	4	0.166666667	652 	28	10	18	4	4	7	6	6	1	3	2	0	0.5
CUBEE0118	5	0.6	268 	15	4	11	3	3	3	3	3	1	3	1	1	0.8
CUBEE0119	5	0.2	345 	15	10	5	4	5	1	3	3	2	2	1	0.6	0.6
CUBEE0121	3	0.333333333	515 	48	30	18	3	4	4	3	6	2	3	1	0.666666667	0.333333333
CUBEE0122	4	0.166666667	445 	37	11	26	3	4	3	4	2	2	3	1	0.5	0.25
CUBEE0123	3	0.333333333	173 	17	10	7	4	5	7	3	2	1	3	1	0.333333333	0.666666667
CUBEE0124	5	0.2	496 	90	30	60	3	3	3	4	4	2	1	1	1	0.4
CUBEE0126	2	0	834 	37	13	24	5	4	10	3	3	2	3	1	0.5	0
CUBEE0128	4	0.333333333	552 	21	7	14	4	3	4	3	3	2	3	1	0.25	0.25
CUBEE0129	3	0.666666667	280 	25	8	17	4	3	3	2	3	2	3	2	0	1
CUBEE0131	4	0.5	579 	35	10	25	2	3	3	3	3	2	3	1	0.75	0.5
CUBEE0132	5	0.6	323 	48	29	19	3	2	3	2	2	2	3	1	0.8	0.8
CUBEE0133	5	0	361 	23	6	17	3	2	6	3	3	1	3	2	1	1
CUBEE0134	3	1	1027 	21	7	14	2	3	6	3	3	2	3	2	0.333333333	0
CUBEE0135	5	0.3	733 	31	8	23	4	3	3	5	6	2	3	1	0.6	0.2
CUBEE0136	5	0.7	614 	32	13	19	3	3	7	3	1	2	2	1	1	1